game.ReplicatedStorage.RecoverClient:FireServer("AVOCADO", CFrame.new(7.10385895, 2.99999976, 13.7506533, -0.998540938, 8.81745237e-08, -0.0540001467, 9.15942664e-08, 1, -6.08534236e-08, 0.0540001467, -6.57107435e-08, -0.998540938))
wait(0.05)
game.ReplicatedStorage.RecoverClient:FireServer("BALLOONY", CFrame.new(7.10385895, 2.99999976, 13.7506533, -0.998540938, 8.81745237e-08, -0.0540001467, 9.15942664e-08, 1, -6.08534236e-08, 0.0540001467, -6.57107435e-08, -0.998540938))
wait(0.05)
game.ReplicatedStorage.RecoverClient:FireServer("BALLY", CFrame.new(7.10385895, 2.99999976, 13.7506533, -0.998540938, 8.81745237e-08, -0.0540001467, 9.15942664e-08, 1, -6.08534236e-08, 0.0540001467, -6.57107435e-08, -0.998540938))
wait(0.05)
game.ReplicatedStorage.RecoverClient:FireServer("BARBECUESAUCE", CFrame.new(7.10385895, 2.99999976, 13.7506533, -0.998540938, 8.81745237e-08, -0.0540001467, 9.15942664e-08, 1, -6.08534236e-08, 0.0540001467, -6.57107435e-08, -0.998540938))
wait(0.05)
game.ReplicatedStorage.RecoverClient:FireServer("BARFBAG", CFrame.new(7.10385895, 2.99999976, 13.7506533, -0.998540938, 8.81745237e-08, -0.0540001467, 9.15942664e-08, 1, -6.08534236e-08, 0.0540001467, -6.57107435e-08, -0.998540938))
wait(0.05)
game.ReplicatedStorage.RecoverClient:FireServer("BASKETBALL", CFrame.new(7.10385895, 2.99999976, 13.7506533, -0.998540938, 8.81745237e-08, -0.0540001467, 9.15942664e-08, 1, -6.08534236e-08, 0.0540001467, -6.57107435e-08, -0.998540938))
wait(0.05)
game.ReplicatedStorage.RecoverClient:FireServer("BATTERY", CFrame.new(7.10385895, 2.99999976, 13.7506533, -0.998540938, 8.81745237e-08, -0.0540001467, 9.15942664e-08, 1, -6.08534236e-08, 0.0540001467, -6.57107435e-08, -0.998540938))
wait(0.05)
game.ReplicatedStorage.RecoverClient:FireServer("BELL", CFrame.new(7.10385895, 2.99999976, 13.7506533, -0.998540938, 8.81745237e-08, -0.0540001467, 9.15942664e-08, 1, -6.08534236e-08, 0.0540001467, -6.57107435e-08, -0.998540938))
wait(0.05)
game.ReplicatedStorage.RecoverClient:FireServer("BLACKHOLE", CFrame.new(7.10385895, 2.99999976, 13.7506533, -0.998540938, 8.81745237e-08, -0.0540001467, 9.15942664e-08, 1, -6.08534236e-08, 0.0540001467, -6.57107435e-08, -0.998540938))
wait(0.05)
game.ReplicatedStorage.RecoverClient:FireServer("BLENDER", CFrame.new(7.10385895, 2.99999976, 13.7506533, -0.998540938, 8.81745237e-08, -0.0540001467, 9.15942664e-08, 1, -6.08534236e-08, 0.0540001467, -6.57107435e-08, -0.998540938))
wait(0.05)
game.ReplicatedStorage.RecoverClient:FireServer("BLOCKY", CFrame.new(7.10385895, 2.99999976, 13.7506533, -0.998540938, 8.81745237e-08, -0.0540001467, 9.15942664e-08, 1, -6.08534236e-08, 0.0540001467, -6.57107435e-08, -0.998540938))
wait(0.05)
game.ReplicatedStorage.RecoverClient:FireServer("BOMBY", CFrame.new(7.10385895, 2.99999976, 13.7506533, -0.998540938, 8.81745237e-08, -0.0540001467, 9.15942664e-08, 1, -6.08534236e-08, 0.0540001467, -6.57107435e-08, -0.998540938))
wait(0.05)
game.ReplicatedStorage.RecoverClient:FireServer("BOOK", CFrame.new(7.10385895, 2.99999976, 13.7506533, -0.998540938, 8.81745237e-08, -0.0540001467, 9.15942664e-08, 1, -6.08534236e-08, 0.0540001467, -6.57107435e-08, -0.998540938))
wait(0.05)
game.ReplicatedStorage.RecoverClient:FireServer("BOOMBOX", CFrame.new(7.10385895, 2.99999976, 13.7506533, -0.998540938, 8.81745237e-08, -0.0540001467, 9.15942664e-08, 1, -6.08534236e-08, 0.0540001467, -6.57107435e-08, -0.998540938))
wait(0.05)
game.ReplicatedStorage.RecoverClient:FireServer("BOTTLE", CFrame.new(7.10385895, 2.99999976, 13.7506533, -0.998540938, 8.81745237e-08, -0.0540001467, 9.15942664e-08, 1, -6.08534236e-08, 0.0540001467, -6.57107435e-08, -0.998540938))
wait(0.05)
game.ReplicatedStorage.RecoverClient:FireServer("BRACELETY", CFrame.new(7.10385895, 2.99999976, 13.7506533, -0.998540938, 8.81745237e-08, -0.0540001467, 9.15942664e-08, 1, -6.08534236e-08, 0.0540001467, -6.57107435e-08, -0.998540938))
wait(0.05)
game.ReplicatedStorage.RecoverClient:FireServer("BUBBLE", CFrame.new(7.10385895, 2.99999976, 13.7506533, -0.998540938, 8.81745237e-08, -0.0540001467, 9.15942664e-08, 1, -6.08534236e-08, 0.0540001467, -6.57107435e-08, -0.998540938))
wait(0.05)
game.ReplicatedStorage.RecoverClient:FireServer("BUG", CFrame.new(7.10385895, 2.99999976, 13.7506533, -0.998540938, 8.81745237e-08, -0.0540001467, 9.15942664e-08, 1, -6.08534236e-08, 0.0540001467, -6.57107435e-08, -0.998540938))
wait(0.05)
game.ReplicatedStorage.RecoverClient:FireServer("CAKE", CFrame.new(7.10385895, 2.99999976, 13.7506533, -0.998540938, 8.81745237e-08, -0.0540001467, 9.15942664e-08, 1, -6.08534236e-08, 0.0540001467, -6.57107435e-08, -0.998540938))
wait(0.05)
game.ReplicatedStorage.RecoverClient:FireServer("CAMERA", CFrame.new(7.10385895, 2.99999976, 13.7506533, -0.998540938, 8.81745237e-08, -0.0540001467, 9.15942664e-08, 1, -6.08534236e-08, 0.0540001467, -6.57107435e-08, -0.998540938))
wait(0.05)
game.ReplicatedStorage.RecoverClient:FireServer("CHEESEORB", CFrame.new(7.10385895, 2.99999976, 13.7506533, -0.998540938, 8.81745237e-08, -0.0540001467, 9.15942664e-08, 1, -6.08534236e-08, 0.0540001467, -6.57107435e-08, -0.998540938))
wait(0.05)
game.ReplicatedStorage.RecoverClient:FireServer("CLIP", CFrame.new(7.10385895, 2.99999976, 13.7506533, -0.998540938, 8.81745237e-08, -0.0540001467, 9.15942664e-08, 1, -6.08534236e-08, 0.0540001467, -6.57107435e-08, -0.998540938))
wait(0.05)
game.ReplicatedStorage.RecoverClient:FireServer("CLOCK", CFrame.new(7.10385895, 2.99999976, 13.7506533, -0.998540938, 8.81745237e-08, -0.0540001467, 9.15942664e-08, 1, -6.08534236e-08, 0.0540001467, -6.57107435e-08, -0.998540938))
wait(0.05)
game.ReplicatedStorage.RecoverClient:FireServer("CLOUDY", CFrame.new(7.10385895, 2.99999976, 13.7506533, -0.998540938, 8.81745237e-08, -0.0540001467, 9.15942664e-08, 1, -6.08534236e-08, 0.0540001467, -6.57107435e-08, -0.998540938))
wait(0.05)
game.ReplicatedStorage.RecoverClient:FireServer("COINY", CFrame.new(7.10385895, 2.99999976, 13.7506533, -0.998540938, 8.81745237e-08, -0.0540001467, 9.15942664e-08, 1, -6.08534236e-08, 0.0540001467, -6.57107435e-08, -0.998540938))
wait(0.05)
game.ReplicatedStorage.RecoverClient:FireServer("CRT", CFrame.new(7.10385895, 2.99999976, 13.7506533, -0.998540938, 8.81745237e-08, -0.0540001467, 9.15942664e-08, 1, -6.08534236e-08, 0.0540001467, -6.57107435e-08, -0.998540938))
wait(0.05)
game.ReplicatedStorage.RecoverClient:FireServer("DAVID", CFrame.new(7.10385895, 2.99999976, 13.7506533, -0.998540938, 8.81745237e-08, -0.0540001467, 9.15942664e-08, 1, -6.08534236e-08, 0.0540001467, -6.57107435e-08, -0.998540938))
wait(0.05)
game.ReplicatedStorage.RecoverClient:FireServer("DISCY", CFrame.new(7.10385895, 2.99999976, 13.7506533, -0.998540938, 8.81745237e-08, -0.0540001467, 9.15942664e-08, 1, -6.08534236e-08, 0.0540001467, -6.57107435e-08, -0.998540938))
wait(0.05)
game.ReplicatedStorage.RecoverClient:FireServer("DONUT", CFrame.new(7.10385895, 2.99999976, 13.7506533, -0.998540938, 8.81745237e-08, -0.0540001467, 9.15942664e-08, 1, -6.08534236e-08, 0.0540001467, -6.57107435e-08, -0.998540938))
wait(0.05)
game.ReplicatedStorage.RecoverClient:FireServer("DORA", CFrame.new(7.10385895, 2.99999976, 13.7506533, -0.998540938, 8.81745237e-08, -0.0540001467, 9.15942664e-08, 1, -6.08534236e-08, 0.0540001467, -6.57107435e-08, -0.998540938))
wait(0.05)
game.ReplicatedStorage.RecoverClient:FireServer("EGGY", CFrame.new(7.10385895, 2.99999976, 13.7506533, -0.998540938, 8.81745237e-08, -0.0540001467, 9.15942664e-08, 1, -6.08534236e-08, 0.0540001467, -6.57107435e-08, -0.998540938))
wait(0.05)
game.ReplicatedStorage.RecoverClient:FireServer("EIGHTBALL", CFrame.new(7.10385895, 2.99999976, 13.7506533, -0.998540938, 8.81745237e-08, -0.0540001467, 9.15942664e-08, 1, -6.08534236e-08, 0.0540001467, -6.57107435e-08, -0.998540938))
wait(0.05)
game.ReplicatedStorage.RecoverClient:FireServer("ERASER", CFrame.new(7.10385895, 2.99999976, 13.7506533, -0.998540938, 8.81745237e-08, -0.0540001467, 9.15942664e-08, 1, -6.08534236e-08, 0.0540001467, -6.57107435e-08, -0.998540938))
wait(0.05)
game.ReplicatedStorage.RecoverClient:FireServer("EVILLEAFY", CFrame.new(7.10385895, 2.99999976, 13.7506533, -0.998540938, 8.81745237e-08, -0.0540001467, 9.15942664e-08, 1, -6.08534236e-08, 0.0540001467, -6.57107435e-08, -0.998540938))
wait(0.05)
game.ReplicatedStorage.RecoverClient:FireServer("FANNY", CFrame.new(7.10385895, 2.99999976, 13.7506533, -0.998540938, 8.81745237e-08, -0.0540001467, 9.15942664e-08, 1, -6.08534236e-08, 0.0540001467, -6.57107435e-08, -0.998540938))
wait(0.05)
game.ReplicatedStorage.RecoverClient:FireServer("FIREY", CFrame.new(7.10385895, 2.99999976, 13.7506533, -0.998540938, 8.81745237e-08, -0.0540001467, 9.15942664e-08, 1, -6.08534236e-08, 0.0540001467, -6.57107435e-08, -0.998540938))
wait(0.05)
game.ReplicatedStorage.RecoverClient:FireServer("FIREYJUNIOR", CFrame.new(7.10385895, 2.99999976, 13.7506533, -0.998540938, 8.81745237e-08, -0.0540001467, 9.15942664e-08, 1, -6.08534236e-08, 0.0540001467, -6.57107435e-08, -0.998540938))
wait(0.05)
game.ReplicatedStorage.RecoverClient:FireServer("FLOWER", CFrame.new(7.10385895, 2.99999976, 13.7506533, -0.998540938, 8.81745237e-08, -0.0540001467, 9.15942664e-08, 1, -6.08534236e-08, 0.0540001467, -6.57107435e-08, -0.998540938))
wait(0.05)
game.ReplicatedStorage.RecoverClient:FireServer("FOLDY", CFrame.new(7.10385895, 2.99999976, 13.7506533, -0.998540938, 8.81745237e-08, -0.0540001467, 9.15942664e-08, 1, -6.08534236e-08, 0.0540001467, -6.57107435e-08, -0.998540938))
wait(0.05)
game.ReplicatedStorage.RecoverClient:FireServer("FRIES", CFrame.new(7.10385895, 2.99999976, 13.7506533, -0.998540938, 8.81745237e-08, -0.0540001467, 9.15942664e-08, 1, -6.08534236e-08, 0.0540001467, -6.57107435e-08, -0.998540938))
wait(0.05)
game.ReplicatedStorage.RecoverClient:FireServer("GATY", CFrame.new(7.10385895, 2.99999976, 13.7506533, -0.998540938, 8.81745237e-08, -0.0540001467, 9.15942664e-08, 1, -6.08534236e-08, 0.0540001467, -6.57107435e-08, -0.998540938))
wait(0.05)
game.ReplicatedStorage.RecoverClient:FireServer("GELATIN", CFrame.new(7.10385895, 2.99999976, 13.7506533, -0.998540938, 8.81745237e-08, -0.0540001467, 9.15942664e-08, 1, -6.08534236e-08, 0.0540001467, -6.57107435e-08, -0.998540938))
wait(0.05)
game.ReplicatedStorage.RecoverClient:FireServer("GOLFBALL", CFrame.new(7.10385895, 2.99999976, 13.7506533, -0.998540938, 8.81745237e-08, -0.0540001467, 9.15942664e-08, 1, -6.08534236e-08, 0.0540001467, -6.57107435e-08, -0.998540938))
wait(0.05)
game.ReplicatedStorage.RecoverClient:FireServer("GRASSY", CFrame.new(7.10385895, 2.99999976, 13.7506533, -0.998540938, 8.81745237e-08, -0.0540001467, 9.15942664e-08, 1, -6.08534236e-08, 0.0540001467, -6.57107435e-08, -0.998540938))
wait(0.05)
game.ReplicatedStorage.RecoverClient:FireServer("ICECUBE", CFrame.new(7.10385895, 2.99999976, 13.7506533, -0.998540938, 8.81745237e-08, -0.0540001467, 9.15942664e-08, 1, -6.08534236e-08, 0.0540001467, -6.57107435e-08, -0.998540938))
wait(0.05)
game.ReplicatedStorage.RecoverClient:FireServer("INCOMETAXRETURNDOCUMENT", CFrame.new(7.10385895, 2.99999976, 13.7506533, -0.998540938, 8.81745237e-08, -0.0540001467, 9.15942664e-08, 1, -6.08534236e-08, 0.0540001467, -6.57107435e-08, -0.998540938))
wait(0.05)
game.ReplicatedStorage.RecoverClient:FireServer("LEAFY", CFrame.new(7.10385895, 2.99999976, 13.7506533, -0.998540938, 8.81745237e-08, -0.0540001467, 9.15942664e-08, 1, -6.08534236e-08, 0.0540001467, -6.57107435e-08, -0.998540938))
wait(0.05)
game.ReplicatedStorage.RecoverClient:FireServer("LEEK", CFrame.new(7.10385895, 2.99999976, 13.7506533, -0.998540938, 8.81745237e-08, -0.0540001467, 9.15942664e-08, 1, -6.08534236e-08, 0.0540001467, -6.57107435e-08, -0.998540938))
wait(0.05)
game.ReplicatedStorage.RecoverClient:FireServer("LEGOBRICK", CFrame.new(7.10385895, 2.99999976, 13.7506533, -0.998540938, 8.81745237e-08, -0.0540001467, 9.15942664e-08, 1, -6.08534236e-08, 0.0540001467, -6.57107435e-08, -0.998540938))
wait(0.05)
game.ReplicatedStorage.RecoverClient:FireServer("LEWIS", CFrame.new(7.10385895, 2.99999976, 13.7506533, -0.998540938, 8.81745237e-08, -0.0540001467, 9.15942664e-08, 1, -6.08534236e-08, 0.0540001467, -6.57107435e-08, -0.998540938))
wait(0.05)
game.ReplicatedStorage.RecoverClient:FireServer("LIGHTNING", CFrame.new(7.10385895, 2.99999976, 13.7506533, -0.998540938, 8.81745237e-08, -0.0540001467, 9.15942664e-08, 1, -6.08534236e-08, 0.0540001467, -6.57107435e-08, -0.998540938))
wait(0.05)
game.ReplicatedStorage.RecoverClient:FireServer("LIY", CFrame.new(7.10385895, 2.99999976, 13.7506533, -0.998540938, 8.81745237e-08, -0.0540001467, 9.15942664e-08, 1, -6.08534236e-08, 0.0540001467, -6.57107435e-08, -0.998540938))
wait(0.05)
game.ReplicatedStorage.RecoverClient:FireServer("LOLLIPOP", CFrame.new(7.10385895, 2.99999976, 13.7506533, -0.998540938, 8.81745237e-08, -0.0540001467, 9.15942664e-08, 1, -6.08534236e-08, 0.0540001467, -6.57107435e-08, -0.998540938))
wait(0.05)
game.ReplicatedStorage.RecoverClient:FireServer("LOSER", CFrame.new(7.10385895, 2.99999976, 13.7506533, -0.998540938, 8.81745237e-08, -0.0540001467, 9.15942664e-08, 1, -6.08534236e-08, 0.0540001467, -6.57107435e-08, -0.998540938))
wait(0.05)
game.ReplicatedStorage.RecoverClient:FireServer("MARBLE", CFrame.new(7.10385895, 2.99999976, 13.7506533, -0.998540938, 8.81745237e-08, -0.0540001467, 9.15942664e-08, 1, -6.08534236e-08, 0.0540001467, -6.57107435e-08, -0.998540938))
wait(0.05)
game.ReplicatedStorage.RecoverClient:FireServer("MARKER", CFrame.new(7.10385895, 2.99999976, 13.7506533, -0.998540938, 8.81745237e-08, -0.0540001467, 9.15942664e-08, 1, -6.08534236e-08, 0.0540001467, -6.57107435e-08, -0.998540938))
wait(0.05)
game.ReplicatedStorage.RecoverClient:FireServer("MATCH", CFrame.new(7.10385895, 2.99999976, 13.7506533, -0.998540938, 8.81745237e-08, -0.0540001467, 9.15942664e-08, 1, -6.08534236e-08, 0.0540001467, -6.57107435e-08, -0.998540938))
wait(0.05)
game.ReplicatedStorage.RecoverClient:FireServer("NAILY", CFrame.new(7.10385895, 2.99999976, 13.7506533, -0.998540938, 8.81745237e-08, -0.0540001467, 9.15942664e-08, 1, -6.08534236e-08, 0.0540001467, -6.57107435e-08, -0.998540938))
wait(0.05)
game.ReplicatedStorage.RecoverClient:FireServer("NEEDLE", CFrame.new(7.10385895, 2.99999976, 13.7506533, -0.998540938, 8.81745237e-08, -0.0540001467, 9.15942664e-08, 1, -6.08534236e-08, 0.0540001467, -6.57107435e-08, -0.998540938))
wait(0.05)
game.ReplicatedStorage.RecoverClient:FireServer("NICKEL", CFrame.new(7.10385895, 2.99999976, 13.7506533, -0.998540938, 8.81745237e-08, -0.0540001467, 9.15942664e-08, 1, -6.08534236e-08, 0.0540001467, -6.57107435e-08, -0.998540938))
wait(0.05)
game.ReplicatedStorage.RecoverClient:FireServer("NINEBALL", CFrame.new(7.10385895, 2.99999976, 13.7506533, -0.998540938, 8.81745237e-08, -0.0540001467, 9.15942664e-08, 1, -6.08534236e-08, 0.0540001467, -6.57107435e-08, -0.998540938))
wait(0.05)
game.ReplicatedStorage.RecoverClient:FireServer("ONIGIRI", CFrame.new(7.10385895, 2.99999976, 13.7506533, -0.998540938, 8.81745237e-08, -0.0540001467, 9.15942664e-08, 1, -6.08534236e-08, 0.0540001467, -6.57107435e-08, -0.998540938))
wait(0.05)
game.ReplicatedStorage.RecoverClient:FireServer("PANFLUTE", CFrame.new(7.10385895, 2.99999976, 13.7506533, -0.998540938, 8.81745237e-08, -0.0540001467, 9.15942664e-08, 1, -6.08534236e-08, 0.0540001467, -6.57107435e-08, -0.998540938))
wait(0.05)
game.ReplicatedStorage.RecoverClient:FireServer("PDA", CFrame.new(7.10385895, 2.99999976, 13.7506533, -0.998540938, 8.81745237e-08, -0.0540001467, 9.15942664e-08, 1, -6.08534236e-08, 0.0540001467, -6.57107435e-08, -0.998540938))
wait(0.05)
game.ReplicatedStorage.RecoverClient:FireServer("PEN", CFrame.new(7.10385895, 2.99999976, 13.7506533, -0.998540938, 8.81745237e-08, -0.0540001467, 9.15942664e-08, 1, -6.08534236e-08, 0.0540001467, -6.57107435e-08, -0.998540938))
wait(0.05)
game.ReplicatedStorage.RecoverClient:FireServer("PENCIL", CFrame.new(7.10385895, 2.99999976, 13.7506533, -0.998540938, 8.81745237e-08, -0.0540001467, 9.15942664e-08, 1, -6.08534236e-08, 0.0540001467, -6.57107435e-08, -0.998540938))
wait(0.05)
game.ReplicatedStorage.RecoverClient:FireServer("PIE", CFrame.new(7.10385895, 2.99999976, 13.7506533, -0.998540938, 8.81745237e-08, -0.0540001467, 9.15942664e-08, 1, -6.08534236e-08, 0.0540001467, -6.57107435e-08, -0.998540938))
wait(0.05)
game.ReplicatedStorage.RecoverClient:FireServer("PILLOW", CFrame.new(7.10385895, 2.99999976, 13.7506533, -0.998540938, 8.81745237e-08, -0.0540001467, 9.15942664e-08, 1, -6.08534236e-08, 0.0540001467, -6.57107435e-08, -0.998540938))
wait(0.05)
game.ReplicatedStorage.RecoverClient:FireServer("PIN", CFrame.new(7.10385895, 2.99999976, 13.7506533, -0.998540938, 8.81745237e-08, -0.0540001467, 9.15942664e-08, 1, -6.08534236e-08, 0.0540001467, -6.57107435e-08, -0.998540938))
wait(0.05)
game.ReplicatedStorage.RecoverClient:FireServer("PINEAPPLE", CFrame.new(7.10385895, 2.99999976, 13.7506533, -0.998540938, 8.81745237e-08, -0.0540001467, 9.15942664e-08, 1, -6.08534236e-08, 0.0540001467, -6.57107435e-08, -0.998540938))
wait(0.05)
game.ReplicatedStorage.RecoverClient:FireServer("PRICETAG", CFrame.new(7.10385895, 2.99999976, 13.7506533, -0.998540938, 8.81745237e-08, -0.0540001467, 9.15942664e-08, 1, -6.08534236e-08, 0.0540001467, -6.57107435e-08, -0.998540938))
wait(0.05)
game.ReplicatedStorage.RecoverClient:FireServer("PROFILY", CFrame.new(7.10385895, 2.99999976, 13.7506533, -0.998540938, 8.81745237e-08, -0.0540001467, 9.15942664e-08, 1, -6.08534236e-08, 0.0540001467, -6.57107435e-08, -0.998540938))
wait(0.05)
game.ReplicatedStorage.RecoverClient:FireServer("PUFFBALL", CFrame.new(7.10385895, 2.99999976, 13.7506533, -0.998540938, 8.81745237e-08, -0.0540001467, 9.15942664e-08, 1, -6.08534236e-08, 0.0540001467, -6.57107435e-08, -0.998540938))
wait(0.05)
game.ReplicatedStorage.RecoverClient:FireServer("PURPLEFACE", CFrame.new(7.10385895, 2.99999976, 13.7506533, -0.998540938, 8.81745237e-08, -0.0540001467, 9.15942664e-08, 1, -6.08534236e-08, 0.0540001467, -6.57107435e-08, -0.998540938))
wait(0.05)
game.ReplicatedStorage.RecoverClient:FireServer("REDBUG", CFrame.new(7.10385895, 2.99999976, 13.7506533, -0.998540938, 8.81745237e-08, -0.0540001467, 9.15942664e-08, 1, -6.08534236e-08, 0.0540001467, -6.57107435e-08, -0.998540938))
wait(0.05)
game.ReplicatedStorage.RecoverClient:FireServer("REMOTE", CFrame.new(7.10385895, 2.99999976, 13.7506533, -0.998540938, 8.81745237e-08, -0.0540001467, 9.15942664e-08, 1, -6.08534236e-08, 0.0540001467, -6.57107435e-08, -0.998540938))
wait(0.05)
game.ReplicatedStorage.RecoverClient:FireServer("ROBOTFLOWER", CFrame.new(7.10385895, 2.99999976, 13.7506533, -0.998540938, 8.81745237e-08, -0.0540001467, 9.15942664e-08, 1, -6.08534236e-08, 0.0540001467, -6.57107435e-08, -0.998540938))
wait(0.05)
game.ReplicatedStorage.RecoverClient:FireServer("ROBOTY", CFrame.new(7.10385895, 2.99999976, 13.7506533, -0.998540938, 8.81745237e-08, -0.0540001467, 9.15942664e-08, 1, -6.08534236e-08, 0.0540001467, -6.57107435e-08, -0.998540938))
wait(0.05)
game.ReplicatedStorage.RecoverClient:FireServer("ROCKY", CFrame.new(7.10385895, 2.99999976, 13.7506533, -0.998540938, 8.81745237e-08, -0.0540001467, 9.15942664e-08, 1, -6.08534236e-08, 0.0540001467, -6.57107435e-08, -0.998540938))
wait(0.05)
game.ReplicatedStorage.RecoverClient:FireServer("RUBBERSPATULA", CFrame.new(7.10385895, 2.99999976, 13.7506533, -0.998540938, 8.81745237e-08, -0.0540001467, 9.15942664e-08, 1, -6.08534236e-08, 0.0540001467, -6.57107435e-08, -0.998540938))
wait(0.05)
game.ReplicatedStorage.RecoverClient:FireServer("RUBY", CFrame.new(7.10385895, 2.99999976, 13.7506533, -0.998540938, 8.81745237e-08, -0.0540001467, 9.15942664e-08, 1, -6.08534236e-08, 0.0540001467, -6.57107435e-08, -0.998540938))
wait(0.05)
game.ReplicatedStorage.RecoverClient:FireServer("RUSTYCOIN", CFrame.new(7.10385895, 2.99999976, 13.7506533, -0.998540938, 8.81745237e-08, -0.0540001467, 9.15942664e-08, 1, -6.08534236e-08, 0.0540001467, -6.57107435e-08, -0.998540938))
wait(0.05)
game.ReplicatedStorage.RecoverClient:FireServer("SAW", CFrame.new(7.10385895, 2.99999976, 13.7506533, -0.998540938, 8.81745237e-08, -0.0540001467, 9.15942664e-08, 1, -6.08534236e-08, 0.0540001467, -6.57107435e-08, -0.998540938))
wait(0.05)
game.ReplicatedStorage.RecoverClient:FireServer("SHAMPOO", CFrame.new(7.10385895, 2.99999976, 13.7506533, -0.998540938, 8.81745237e-08, -0.0540001467, 9.15942664e-08, 1, -6.08534236e-08, 0.0540001467, -6.57107435e-08, -0.998540938))
wait(0.05)
game.ReplicatedStorage.RecoverClient:FireServer("SHOPPINGCART", CFrame.new(7.10385895, 2.99999976, 13.7506533, -0.998540938, 8.81745237e-08, -0.0540001467, 9.15942664e-08, 1, -6.08534236e-08, 0.0540001467, -6.57107435e-08, -0.998540938))
wait(0.05)
game.ReplicatedStorage.RecoverClient:FireServer("SNOWBALL", CFrame.new(7.10385895, 2.99999976, 13.7506533, -0.998540938, 8.81745237e-08, -0.0540001467, 9.15942664e-08, 1, -6.08534236e-08, 0.0540001467, -6.57107435e-08, -0.998540938))
wait(0.05)
game.ReplicatedStorage.RecoverClient:FireServer("SPONGY", CFrame.new(7.10385895, 2.99999976, 13.7506533, -0.998540938, 8.81745237e-08, -0.0540001467, 9.15942664e-08, 1, -6.08534236e-08, 0.0540001467, -6.57107435e-08, -0.998540938))
wait(0.05)
game.ReplicatedStorage.RecoverClient:FireServer("STAPY", CFrame.new(7.10385895, 2.99999976, 13.7506533, -0.998540938, 8.81745237e-08, -0.0540001467, 9.15942664e-08, 1, -6.08534236e-08, 0.0540001467, -6.57107435e-08, -0.998540938))
wait(0.05)
game.ReplicatedStorage.RecoverClient:FireServer("STEAMY", CFrame.new(7.10385895, 2.99999976, 13.7506533, -0.998540938, 8.81745237e-08, -0.0540001467, 9.15942664e-08, 1, -6.08534236e-08, 0.0540001467, -6.57107435e-08, -0.998540938))
wait(0.05)
game.ReplicatedStorage.RecoverClient:FireServer("TACO", CFrame.new(7.10385895, 2.99999976, 13.7506533, -0.998540938, 8.81745237e-08, -0.0540001467, 9.15942664e-08, 1, -6.08534236e-08, 0.0540001467, -6.57107435e-08, -0.998540938))
wait(0.05)
game.ReplicatedStorage.RecoverClient:FireServer("TAPE", CFrame.new(7.10385895, 2.99999976, 13.7506533, -0.998540938, 8.81745237e-08, -0.0540001467, 9.15942664e-08, 1, -6.08534236e-08, 0.0540001467, -6.57107435e-08, -0.998540938))
wait(0.05)
game.ReplicatedStorage.RecoverClient:FireServer("TEARDROP", CFrame.new(7.10385895, 2.99999976, 13.7506533, -0.998540938, 8.81745237e-08, -0.0540001467, 9.15942664e-08, 1, -6.08534236e-08, 0.0540001467, -6.57107435e-08, -0.998540938))
wait(0.05)
game.ReplicatedStorage.RecoverClient:FireServer("TENNISBALL", CFrame.new(7.10385895, 2.99999976, 13.7506533, -0.998540938, 8.81745237e-08, -0.0540001467, 9.15942664e-08, 1, -6.08534236e-08, 0.0540001467, -6.57107435e-08, -0.998540938))
wait(0.05)
game.ReplicatedStorage.RecoverClient:FireServer("TREE", CFrame.new(7.10385895, 2.99999976, 13.7506533, -0.998540938, 8.81745237e-08, -0.0540001467, 9.15942664e-08, 1, -6.08534236e-08, 0.0540001467, -6.57107435e-08, -0.998540938))
wait(0.05)
game.ReplicatedStorage.RecoverClient:FireServer("TUNE", CFrame.new(7.10385895, 2.99999976, 13.7506533, -0.998540938, 8.81745237e-08, -0.0540001467, 9.15942664e-08, 1, -6.08534236e-08, 0.0540001467, -6.57107435e-08, -0.998540938))
wait(0.05)
game.ReplicatedStorage.RecoverClient:FireServer("TV", CFrame.new(7.10385895, 2.99999976, 13.7506533, -0.998540938, 8.81745237e-08, -0.0540001467, 9.15942664e-08, 1, -6.08534236e-08, 0.0540001467, -6.57107435e-08, -0.998540938))
wait(0.05)
game.ReplicatedStorage.RecoverClient:FireServer("VHSY", CFrame.new(7.10385895, 2.99999976, 13.7506533, -0.998540938, 8.81745237e-08, -0.0540001467, 9.15942664e-08, 1, -6.08534236e-08, 0.0540001467, -6.57107435e-08, -0.998540938))
wait(0.05)
game.ReplicatedStorage.RecoverClient:FireServer("WAFFLE", CFrame.new(7.10385895, 2.99999976, 13.7506533, -0.998540938, 8.81745237e-08, -0.0540001467, 9.15942664e-08, 1, -6.08534236e-08, 0.0540001467, -6.57107435e-08, -0.998540938))
wait(0.05)
game.ReplicatedStorage.RecoverClient:FireServer("WINNER", CFrame.new(7.10385895, 2.99999976, 13.7506533, -0.998540938, 8.81745237e-08, -0.0540001467, 9.15942664e-08, 1, -6.08534236e-08, 0.0540001467, -6.57107435e-08, -0.998540938))
wait(0.05)
game.ReplicatedStorage.RecoverClient:FireServer("WOODY", CFrame.new(7.10385895, 2.99999976, 13.7506533, -0.998540938, 8.81745237e-08, -0.0540001467, 9.15942664e-08, 1, -6.08534236e-08, 0.0540001467, -6.57107435e-08, -0.998540938))
wait(0.05)
game.ReplicatedStorage.RecoverClient:FireServer("YELLOWFACE", CFrame.new(7.10385895, 2.99999976, 13.7506533, -0.998540938, 8.81745237e-08, -0.0540001467, 9.15942664e-08, 1, -6.08534236e-08, 0.0540001467, -6.57107435e-08, -0.998540938))
wait(0.05)
